00 - 0,0,0
01 - 0,0,170
02 - 0,170,0
03 - 0,170,170
04 - 170,0,0
05 - 170,0,170
06 - 170,170,0
07 - 170,170,170

08 - 85,85,85
09 - 85,85,255
10 - 85,255,85
11 - 85,255,255
12 - 255,85,85
13 - 255,85,255
14 - 255,255,85
15 - 255,255,255

16 - 0,0,0
17 - 20,20,20
18 - 32,32,32
19 - 44,44,44
20 - 56,56,56
21 - 69,69,69
22 - 81,81,81
23 - 97,97,97

24 - 113,113,113
25 - 130,130,130
26 - 146,146,146
27 - 162,162,162
28 - 182,182,182
29 - 203,203,203
30 - 227,227,227
31 - 255,255,255

32 - 0,0,255
33 - 65,0,255
34 - 125,0,255
35 - 190,0,255
36 - 255,0,255
37 - 255,0,190
38 - 255,0,125
39 - 255,0,65

40 - 255,0,0
41 - 255,65,0
42 - 255,125,0
43 - 255,190,0
44 - 255,255,0
45 - 190,255,0
46 - 125,255,0
47 - 65,255,0

48 - 0,255,0
49 - 0,255,65
50 - 0,255,125
51 - 0,255,190
52 - 0,255,255
53 - 0,190,255
54 - 0,125,255
55 - 0,65,255

56 - 125,125,255
57 - 158,125,255
58 - 190,125,255
59 - 223,125,255
60 - 255,125,255
61 - 255,125,223
62 - 255,125,190
63 - 255,125,158

64 - 255,125,125
65 - 255,158,125
66 - 255,190,125
67 - 255,223,125
68 - 255,255,125
69 - 223,255,125
70 - 190,255,125
71 - 158,255,125

72 - 125,255,125
73 - 125,255,158
74 - 125,255,190
75 - 125,255,223
76 - 125,255,255
77 - 125,223,255
78 - 125,190,255
79 - 125,158,255

80 - 182,182,255
81 - 199,182,255
82 - 219,182,255
83 - 235,182,255
84 - 255,182,255
85 - 255,182,235
86 - 255,182,219
87 - 255,182,199

88 - 255,182,182
89 - 255,199,182
90 - 255,219,182
91 - 255,235,182
92 - 255,255,182
93 - 235,255,182
94 - 219,255,182
95 - 199,255,182